1 44
1 47
4 61
1 21
3 41
1 66
2 47
2 49
2 44
2 56
3 36
1 45
3 48
1 36
2 54
1 40
3 52
3 76
2 54
1 56
2 42
2 41
2 57
3 51
2 57
2 34
1 31
1 42
2 43
2 38
1 44
2 35
1 54
1 39
1 42
1 52
2 35
2 23
1 36
1 30
2 46
1 43
2 35
2 35
2 32
1 29
1 41
1 49
1 21
1 38
1 25
1 29
2 38
1 37
1 37
1 31
1 37
1 28
3 43
1 39
1 44
2 52
1 27
2 34
1 28
2 37
1 34
3 43
1 50
3 43
1 30
2 37
2 30
2 51
2 45
2 35
1 27
1 32
4 33
2 25
2 25
1 38
2 31
3 28
2 31
1 29
1 30
2 23
2 33
1 27
1 38
1 30
2 20
1 28
1 31
2 31
1 28
1 26
3 26
2 34
1 37
2 46
1 22
3 36
3 29
1 29
2 23
2 32
4 28
1 28
1 41
5 33
3 27
1 26
1 26
1 17
1 31
1 21
2 35
1 19
2 23
4 39
2 25
4 38
1 29
2 32
3 35
3 33
2 24
1 22
1 36
1 28
2 37
1 20
1 26
1 23
4 41
2 38
1 35
2 35
2 35
2 34
1 19
1 24
2 32
1 34
1 27
2 35
2 30
3 37
2 43
2 18
1 30
2 24
2 27
1 32
3 32
2 26
2 22
1 24
1 23
3 24
2 28
2 29
2 27
1 36
3 32
3 33
1 35
1 30
1 24
1 24
6 38
3 18
1 23
1 25
4 24
1 23
1 30
2 27
1 30
3 34
3 28
2 31
1 17
3 24
1 29
2 21
1 21
2 25
1 32
2 31
4 32
1 26
2 28
1 16
1 21
2 38
2 29
1 36
1 30
2 43
3 31
3 19
2 22
1 39
1 16
2 28
1 17
1 17
2 22
3 37
1 28
1 27
2 23
1 20
1 23
1 27
2 22
2 19
1 27
1 21
2 16
2 25
2 31
2 29
1 23
3 28
3 29
2 22
2 21
2 31
1 12
2 29
1 21
2 26
3 22
1 23
1 26
1 20
1 23
1 22
1 22
1 17
3 29
2 24
2 23
2 32
1 20
2 15
3 28
1 29
1 14
1 22
3 26
6 27
1 24
2 21
2 28
1 19
1 35
2 42
3 30
2 12
1 15
3 26
1 28
3 35
1 20
3 28
1 29
2 22
2 28
5 24
1 28
1 25
1 32
1 19
2 23
2 16
1 28
2 38
2 25
2 32
2 30
2 24
1 23
2 21
1 34
1 21
3 26
2 28
2 32
1 21
2 17
2 23
3 16
1 21
3 15
2 27
1 23
1 22
1 25
1 25
2 18
3 17
1 23
2 23
1 23
1 20
2 28
2 32
1 27
2 33
3 13
1 31
2 24
3 22
1 21
1 17
3 28
1 23
2 27
2 27
3 32
2 27
1 29
4 30
2 28
1 29
3 23
1 24
1 30
2 30
1 13
1 31
1 16
2 18
4 27
2 22
1 24
2 23
2 24
3 31
2 24
3 31
1 20
2 26
2 23
3 28
2 12
4 16
2 19
1 25
1 21
3 26
2 16
1 19
1 27
3 23
1 23
2 23
3 25
2 30
4 18
1 12
2 22
2 22
4 32
1 20
3 26
3 21
2 16
1 29
2 29
1 27
1 23
1 25
1 30
1 17
1 29
1 31
2 34
1 17
1 22
2 24
1 25
3 24
1 33
2 27
1 15
1 15
4 25
2 21
1 13
2 23
1 24
1 29
2 23
1 23
2 29
2 15
2 22
1 21
1 23
2 16
3 19
1 28
1 27
4 23
1 35
2 18
2 29
2 26
2 18
1 18
1 26
1 23
1 25
1 23
2 23
2 20
2 25
3 30
1 21
1 11
6 31
1 17
1 14
1 18
1 20
1 31
1 23
4 21
2 24
2 33
1 21
3 32
3 20
1 31
4 31
2 21
1 21
2 24
3 26
1 22
1 19
1 21
2 26
2 26
3 20
3 16
4 30
3 27
1 9
3 22
2 21
2 19
3 31
2 27
1 24
2 19
2 14
1 18
2 24
2 30
2 20
1 12
2 14
1 19
1 29
1 21
1 19
4 26
1 18
1 16
2 29
1 24
2 15
3 18
3 20
3 20
1 24
2 24
3 38
1 16
1 21
2 18
1 19
1 18
1 19
2 16
3 21
3 30
1 23
2 19
1 12
2 25
1 20
2 26
2 34
1 26
1 25
2 21
2 20
1 22
2 20
2 15
2 25
3 23
1 19
2 17
3 20
1 26
2 31
3 20
2 21
2 15
2 21
1 24
1 25
2 20
3 15
1 22
3 20
1 18
2 17
2 14
2 22
4 19
1 20
3 18
3 31
2 22
3 22
1 16
2 18
2 18
1 29
1 12
2 19
1 18
2 19
1 19
2 21
2 29
3 31
1 27
1 14
1 24
3 10
2 11
3 15
3 21
2 23
2 13
1 23
1 31
3 23
2 26
1 23
3 32
2 18
2 17
2 22
2 17
2 27
2 29
3 18
3 27
4 29
1 32
3 26
2 24
2 31
4 19
1 15
1 26
2 18
2 20
2 15
2 19
3 18
3 16
1 22
1 25
1 18
3 25
3 11
2 26
1 21
1 18
4 30
2 23
2 21
1 17
2 17
3 16
3 28
2 24
5 20
1 14
2 19
2 20
3 15
2 19
2 21
2 17
1 16
1 9
1 13
2 20
5 27
4 29
3 29
1 14
3 20
2 28
1 15
2 19
2 19
3 22
1 21
1 17
4 11
5 25
1 17
3 22
2 21
2 21
3 10
2 31
1 14
1 19
2 18
2 19
1 20
2 16
1 17
1 13
3 15
1 25
3 20
2 24
3 19
2 21
3 23
4 18
2 19
3 20
4 27
1 24
2 14
4 19
2 19
2 16
4 16
3 25
2 14
2 21
4 14
1 20
1 16
2 28
1 25
1 9
2 14
1 24
1 4
1 15
2 24
2 20
2 13
1 14
3 20
2 13
2 15
1 21
2 15
2 28
1 21
1 21
3 21
2 17
2 18
1 16
3 26
1 20
2 17
3 18
3 17
2 13
1 17
3 16
2 17
2 17
2 19
2 21
1 19
3 20
3 21
1 23
3 20
1 23
1 18
2 20
4 14
4 15
2 30
2 12
3 19
1 19
3 24
3 14
3 19
5 19
5 14
4 14
1 13
3 25
3 20
1 27
3 30
4 17
1 13
2 18
1 18
4 27
1 18
2 17
1 13
2 18
1 26
3 15
1 16
3 12
3 32
1 19
2 26
1 10
3 21
1 19
3 21
5 11
3 20
1 16
2 21
4 13
3 24
1 15
1 19
1 14
2 26
3 19
2 20
2 20
2 19
2 12
2 17
6 22
2 13
2 21
2 14
3 18
1 19
1 13
3 29
2 23
3 22
2 20
1 26
2 19
1 20
7 24
4 21
2 13
2 19
1 19
4 18
1 14
3 25
1 11
1 14
1 15
3 14
3 18
2 13
2 16
3 23
2 17
3 11
2 15
2 14
2 18
3 26
4 23
6 24
4 21
3 22
2 23
3 17
3 18
2 23
1 26
2 14
3 13
1 18
3 17
3 18
2 25
3 18
3 20
2 18
1 19
4 16
1 20
2 14
6 27
4 22
4 14
4 17
3 17
1 10
1 17
1 14
2 20
3 16
2 21
3 12
1 16
3 13
4 24
1 8
1 13
1 16
2 19
2 20
4 28
2 13
4 15
1 21
5 21
3 13
2 21
2 21
6 17
3 18
2 17
2 18
3 18
4 15
1 15
3 17
5 14
2 16
4 16
1 9
3 13
1 15
1 15
1 16
4 15
3 17
1 17
4 12
1 15
3 26
2 16
2 22
4 16
1 15
1 14
2 11
2 16
1 16
1 15
2 15
3 14
3 22
2 12
1 18
2 19
4 18
3 14
2 20
3 24
1 18
3 11
3 14
1 16
4 12
2 13
3 14
2 23
3 27
1 18
5 16
3 17
2 19
3 16
3 24
1 24
3 10
7 22
2 14
4 16
1 19
1 12
1 11
4 22
1 11
3 20
2 14
1 18
6 24
2 18
2 21
1 20
3 14
2 11
2 13
1 10
3 15
2 12
3 19
2 19
1 7
2 16
5 25
2 10
3 14
3 18
2 13
1 13
1 13
1 19
3 13
3 16
1 14
2 14
3 18
2 13
3 12
1 16
3 19
1 12
1 15
1 22
5 20
2 14
5 20
4 21
5 18
2 20
3 23
1 19
1 13
1 14
2 15
1 6
1 15
2 16
1 20
1 14
2 24
2 11
3 14
4 18
2 14
2 18
1 16
2 19
3 12
5 20
1 18
3 12
2 15
2 20
2 16
3 18
4 18
3 11
2 17
2 17
2 12
2 21
2 18
3 11
4 18
3 16
1 20
3 14
3 11
2 12
3 15
1 13
3 18
1 15
3 11
1 12
1 17
1 15
4 12
2 15
2 12
6 17
3 17
3 16
4 21
5 19
2 12
1 14
3 12
2 19
2 19
3 9
3 16
3 8
2 17
1 10
2 9
5 19
2 16
4 19
1 11
2 13
3 16
2 14
4 17
2 13
1 12
4 13
5 22
4 14
1 19
4 16
2 12
1 12
4 10
1 16
2 7
2 13
3 11
2 11
1 12
2 8
2 13
4 20
3 16
3 17
4 19
4 13
2 14
2 8
1 21
3 16
2 9
2 11
5 17
4 12
2 11
3 20
2 15
2 12
2 11
3 16
3 18
3 16
3 16
4 15
1 18
4 16
1 12
3 12
3 17
1 11
3 7
3 13
4 16
2 15
3 17
2 11
1 14
2 15
6 10
3 17
2 17
2 18
6 20
2 20
1 9
1 10
1 11
2 14
2 11
1 14
3 22
1 13
1 11
2 13
5 10
1 14
3 15
1 14
2 13
2 12
4 17
4 10
4 10
4 17
4 28
3 13
2 17
5 13
1 13
2 12
1 12
2 22
2 12
3 16
5 12
4 15
1 6
3 16
4 19
3 12
1 13
4 17
1 17
2 12
2 12
2 15
5 22
1 9
1 8
3 12
4 15
1 10
2 14
1 14
3 12
2 12
4 9
2 20
4 18
2 11
2 16
5 21
6 17
2 16
5 16
1 10
2 9
3 14
1 12
1 8
4 10
2 15
3 11
2 13
2 17
2 18
3 8
1 17
1 10
3 10
3 18
2 20
3 10
3 7
4 11
3 13
5 11
2 15
3 12
4 18
4 14
2 10
1 15
4 15
2 15
4 16
2 8
1 11
2 18
2 15
5 14
3 11
2 16
1 13
5 13
5 17
5 13
4 14
3 10
1 21
5 23
2 7
2 12
7 19
2 12
2 11
5 14
4 18
4 32
2 15
2 12
3 10
2 13
5 21
4 12
2 13
4 13
4 18
1 4
2 13
2 10
4 13
3 13
2 10
3 15
2 9
1 19
3 18
3 14
3 16
2 14
2 12
3 13
3 12
2 11
2 15
7 18
2 7
1 17
2 18
1 9
5 14
1 11
3 19
5 13
1 13
2 6
2 13
4 9
3 20
1 16
2 13
4 15
1 15
2 17
4 10
2 11
4 15
2 8
3 12
3 14
2 6
2 14
2 22
4 18
1 14
2 11
3 18
2 17
4 8
2 8
5 9
5 13
2 18
3 17
2 12
5 12
3 17
1 8
3 13
1 9
4 13
4 15
2 15
4 17
2 8
2 8
1 13
6 14
3 6
3 18
2 11
4 16
3 18
5 13
4 22
3 14
1 6
2 14
3 13
3 10
3 10
1 14
3 16
2 13
2 14
2 12
2 14
1 11
1 17
1 10
2 16
4 13
1 12
2 11
3 13
1 12
4 18
3 11
4 17
3 11
2 11
4 15
3 9
1 14
1 8
5 19
3 11
2 15
3 8
4 9
2 9
2 12
4 14
2 12
5 12
4 16
1 11
2 13
4 13
4 11
4 16
4 8
3 11
4 16
3 8
1 14
3 15
2 8
2 13
6 14
5 12
2 5
1 9
4 6
1 8
3 6
3 10
1 10
3 9
2 10
1 10
5 15
2 17
3 11
3 19
3 18
4 23
3 12
3 9
3 17
5 13
4 19
3 9
2 17
2 10
2 8
4 15
2 8
5 14
1 12
3 11
6 13
4 17
4 8
5 11
4 8
2 4
3 16
3 17
2 10
3 13
5 12
2 11
3 11
2 16
8 18
3 8
1 14
3 7
7 14
6 18
3 16
1 10
6 15
3 14
3 16
5 7
4 8
2 18
3 16
2 17
2 19
2 8
2 6
1 8
5 13
3 7
4 8
2 11
2 10
3 11
7 10
3 12
6 14
5 18
4 11
5 14
4 7
3 10
1 13
3 7
3 18
3 11
1 11
4 11
6 12
1 13
4 10
3 13
2 12
2 13
5 7
3 13
1 13
4 12
2 6
2 16
5 17
3 5
3 12
3 12
3 16
2 15
3 8
3 9
3 8
1 6
4 9
4 4
4 10
3 6
5 15
2 9
2 4
2 15
1 10
3 13
7 16
2 13
2 8
2 9
6 21
4 23
2 11
3 7
1 10
5 12
1 7
3 12
1 8
2 7
7 14
5 9
3 6
4 14
5 10
2 5
4 22
3 9
2 10
3 15
1 10
2 9
3 12
1 6
4 7
5 10
5 12
3 15
2 13
2 11
3 16
2 7
2 14
3 6
2 9
3 8
1 16
5 13
2 9
3 10
5 18
4 11
3 9
1 14
7 12
3 7
4 15
6 16
5 8
3 6
2 6
3 11
3 11
2 17
2 8
2 14
5 14
4 6
2 9
2 10
3 12
3 9
5 9
4 11
1 5
1 8
4 10
2 9
2 12
2 11
4 16
6 12
6 8
1 16
4 7
1 10
9 14
4 14
1 9
3 5
4 10
2 13
2 11
4 15
3 13
5 8
1 9
2 4
3 8
4 11
2 7
3 15
1 14
3 5
5 10
5 8
3 13
1 10
2 11
3 13
3 9
4 9
3 10
2 7
5 15
5 11
4 11
4 14
5 8
2 8
3 7
2 18
2 9
3 13
4 8
5 9
1 5
2 8
4 6
2 10
4 9
3 10
2 16
4 7
4 10
4 13
3 6
7 6
4 4
6 4
5 9
5 13
4 12
7 10
3 10
3 9
4 13
6 7
4 11
4 10
4 10
6 10
5 9
5 17
2 8
1 3
4 11
4 14
5 10
3 8
3 8
3 10
2 9
1 4
3 3
4 7
6 4
2 11
1 6
2 15
2 7
3 14
3 5
3 11
7 11
4 11
5 9
1 10
2 8
1 6
5 10
1 13
4 7
2 12
4 8
4 16
3 6
3 7
3 4
3 9
1 6
5 10
5 8
8 10
6 12
5 12
1 4
4 10
3 11
4 9
3 9
4 10
4 5
3 9
2 11
5 16
2 12
2 8
2 4
3 11
3 9
3 8
6 11
4 15
1 10
4 7
1 10
9 12
2 9
4 12
1 9
1 9
5 7
6 6
3 8
2 4
3 8
4 11
3 13
2 7
4 11
4 13
4 16
3 16
2 6
4 11
2 14
2 7
2 13
2 10
3 8
2 11
4 12
5 5
3 10
3 7
1 12
3 8
3 12
3 14
2 7
3 5
1 7
2 5
4 13
2 9
1 7
3 14
4 7
5 10
5 9
3 9
3 7
3 8
6 12
2 12
4 14
5 7
2 13
3 10
1 12
5 8
4 10
2 12
5 9
2 6
4 8
4 5
3 5
1 6
4 13
4 6
2 10
3 9
2 9
1 6
6 9
5 7
3 6
6 15
4 8
5 9
4 13
3 15
1 4
2 4
7 8
3 7
1 8
4 17
5 4
6 7
3 7
3 11
3 6
8 16
1 10
4 8
7 6
3 5
4 10
5 7
3 5
5 7
4 7
5 9
4 6
2 6
3 9
5 9
3 16
4 8
1 5
8 11
3 8
4 7
3 14
4 10
2 8
1 9
2 6
1 9
4 8
2 17
3 11
4 9
5 5
4 7
8 9
4 11
2 7
4 8
2 10
2 10
1 9
4 8
3 6
2 8
3 11
2 5
2 6
3 6
2 5
5 9
3 11
4 9
3 12
3 7
1 6
7 13
3 12
6 8
6 8
6 9
3 12
3 9
2 5
5 6
4 13
3 10
6 6
3 5
3 11
1 11
7 12
9 14
4 7
2 9
6 12
3 6
5 16
7 13
5 7
3 7
1 7
5 11
8 12
6 8
3 10
3 5
2 7
4 7
5 11
3 7
3 8
4 7
5 14
3 5
4 10
3 2
6 6
3 11
1 9
3 11
3 5
3 8
3 11
2 7
4 5
5 7
3 7
6 6
1 9
4 15
2 10
2 6
6 8
4 9
1 7
3 5
1 8
5 6
5 5
5 5
3 10
3 10
3 11
4 5
3 10
4 8
2 5
4 8
1 9
3 6
3 12
3 7
3 5
3 7
6 10
3 4
4 2
4 5
3 7
5 12
3 8
3 7
3 5
1 7
1 7
5 11
6 8
6 10
4 6
4 5
3 4
4 6
3 12
5 9
3 13
3 7
3 7
5 6
2 10
3 11
2 6
1 7
3 8
4 11
3 5
4 7
3 7
6 5
1 10
3 8
4 11
1 10
3 5
3 7
4 4
1 6
3 12
2 9
2 8
4 7
5 10
4 6
2 7
3 10
3 11
6 4
1 6
2 10
3 8
7 12
4 5
5 12
1 6
3 4
4 19
4 10
2 3
5 7
3 4
4 8
3 9
2 6
5 7
6 8
3 4
5 4
4 7
6 3
4 6
3 12
4 4
5 6
4 8
5 5
2 6
4 8
6 9
7 9
3 10
4 5
7 9
1 8
6 7
3 4
1 5
5 3
4 4
4 6
5 8
4 7
2 7
3 7
6 9
5 6
3 8
7 7
3 7
7 9
4 10
3 9
7 6
6 11
3 7
3 2
2 5
6 12
10 6
4 5
2 6
6 5
2 6
5 11
1 6
2 10
5 7
5 8
5 10
5 6
5 9
5 3
1 5
5 6
4 8
3 7
5 8
4 11
3 6
6 8
1 4
5 9
4 7
1 7
6 12
4 6
3 7
4 5
4 7
6 5
6 7
3 9
4 6
3 5
6 7
10 10
5 13
4 4
4 9
5 9
3 10
7 3
5 6
3 3
2 5
4 9
5 15
8 10
5 7
3 4
6 13
3 7
2 7
9 5
2 4
5 6
3 4
4 6
5 7
5 3
3 7
5 13
3 5
6 8
5 9
8 10
6 7
7 15
3 3
5 6
3 7
3 9
4 4
4 6
3 9
5 8
3 4
9 11
4 11
4 7
3 3
5 8
4 3
1 7
2 4
2 4
4 14
3 10
3 4
6 4
11 5
4 6
3 2
3 9
8 10
4 10
2 8
5 3
3 7
2 9
3 7
4 12
12 11
4 10
6 7
5 9
5 6
4 5
5 8
3 7
9 11
6 10
3 6
3 8
8 5
3 10
3 6
3 7
4 7
3 11
2 6
5 13
6 7
5 5
6 7
4 5
6 8
7 7
5 6
3 7
3 8
6 6
4 5
5 6
7 7
5 6
3 14
4 9
7 3
4 4
1 6
4 9
4 4
4 6
6 8
2 5
6 5
6 6
4 9
3 8
4 5
4 12
6 3
3 7
3 10
5 2
2 6
4 4
5 6
4 9
3 8
4 5
4 6
2 8
3 4
5 7
4 6
2 3
4 10
6 9
3 15
7 7
4 6
7 3
1 7
2 2
3 4
3 8
2 9
6 7
8 6
5 6
4 5
2 4
6 7
8 7
4 4
8 6
7 4
2 8
6 8
3 3
9 8
4 10
2 4
3 7
6 10
2 7
4 6
4 7
6 9
6 8
8 6
2 2
4 11
5 7
6 9
5 9
3 6
3 4
4 6
5 6
2 5
4 5
8 7
5 4
6 9
1 7
4 10
5 6
6 13
3 4
3 9
3 8
5 5
3 6
4 3
6 8
3 7
4 7
9 11
3 4
3 5
9 6
3 3
2 12
4 10
3 10
7 8
4 4
4 6
2 4
3 3
4 6
7 5
5 6
6 6
8 6
4 4
2 6
2 4
4 6
4 5
4 2
1 3
1 5
7 1
3 3
4 6
5 12
8 8
4 6
3 6
5 2
7 7
6 7
2 6
7 8
4 7
3 8
5 9
8 9
6 3
4 6
6 5
5 10
3 10
6 5
5 10
2 9
5 10
7 7
2 9
3 4
6 5
1 2
7 7
4 9
3 6
6 6
5 9
6 6
6 6
6 8
5 4
11 8
2 8
4 5
8 9
5 4
4 6
4 7
5 8
7 7
6 4
5 6
3 7
7 7
6 4
3 5
6 7
3 5
4 7
5 5
4 5
5 3
5 6
4 8
5 5
6 9
2 7
8 6
7 3
3 4
5 6
5 4
2 6
1 6
4 5
3 4
4 6
7 9
6 6
5 6
3 4
4 9
4 4
6 10
7 9
4 6
4 4
9 9
6 4
6 5
3 5
4 11
7 10
5 7
6 11
3 8
4 11
5 2
5 7
7 7
3 8
4 10
3 3
10 4
3 5
5 8
3 11
6 6
5 6
4 7
7 4
7 8
12 10
11 5
3 6
4 5
4 5
6 6
12 7
4 2
7 6
2 4
5 6
5 6
8 9
4 6
6 3
6 6
3 6
5 6
3 5
4 8
8 4
4 2
5 7
7 7
6 7
7 5
6 9
3 3
5 3
9 5
5 5
4 10
4 3
2 2
4 8
4 7
2 2
7 7
4 8
7 4
7 7
6 5
4 7
1 6
2 6
4 5
4 6
4 6
8 6
8 1
11 3
2 4
7 7
3 8
7 10
5 5
5 7
3 7
4 9
5 6
13 10
5 2
6 5
8 4
5 5
7 7
4 6
6 6
5 7
5 2
5 9
4 11
5 3
7 6
2 4
6 7
6 4
4 4
2 4
4 6
2 5
6 8
3 4
6 3
4 6
1 6
6 3
3 4
5 7
9 5
9 4
10 4
8 6
7 10
4 6
9 3
5 4
10 4
5 11
4 7
7 6
9 9
4 5
5 7
5 6
6 6
3 4
7 4
5 5
6 2
4 3
4 7
1 4
6 7
6 7
5 2
3 4
8 7
4 5
11 6
5 4
9 9
5 4
3 3
5 6
10 2
4 2
3 2
6 2
6 4
2 3
4 4
3 4
4 5
7 7
8 6
2 5
6 5
6 3
5 6
3 4
8 9
7 2
7 7
7 6
5 3
4 5
5 5
6 10
5 6
8 8
5 4
4 5
5 4
5 6
10 8
5 4
5 4
5 9
5 8
6 6
5 6
3 6
5 2
4 7
2 7
5 7
8 9
6 4
3 8
3 4
7 5
8 6
6 4
6 4
3 6
5 4
7 5
4 6
6 3
5 8
2 2
3 7
7 5
7 5
7 7
6 3
7 7
5 6
5 3
7 10
6 8
3 7
7 6
3 3
5 3
8 4
5 4
5 7
4 5
10 7
7 5
10 7
4 6
3 5
5 6
9 5
6 10
6 4
8 6
3 7
7 3
3 3
10 7
5 4
7 5
4 4
4 4
8 6
7 4
4 3
5 2
3 4
8 2
2 6
6 6
4 2
3 3
4 3
7 7
9 4
13 4
8 9
5 7
4 4
5 6
6 7
10 4
8 4
8 6
6 6
4 6
5 5
6 5
5 3
4 3
5 1
5 7
6 7
10 5
4 5
9 6
6 7
9 6
7 4
4 5
6 2
9 8
3 6
4 4
7 5
4 4
3 3
9 7
8 3
8 4
2 2
6 8
8 6
6 2
10 5
5 3
5 4
4 7
4 7
6 3
2 5
10 3
9 7
8 2
8 6
12 5
11 6
7 4
5 6
9 5
3 5
6 2
5 7
8 4
2 4
5 6
7 6
8 6
4 6
4 4
6 5
8 7
6 3
7 9
6 5
4 3
4 4
4 3
7 3
2 4
10 4
4 3
7 9
10 5
7 6
8 2
6 5
8 9
7 4
7 5
6 6
10 5
6 5
4 7
8 9
6 1
11 2
5 4
5 5
6 6
6 3
13 5
6 6
13 7
5 4
10 2
7 4
13 4
5 2
6 3
7 6
4 5
8 3
8 4
9 7
7 6
5 2
7 5
6 5
4 5
5 2
3 4
5 5
4 3
7 8
8 2
11 5
8 6
6 4
6 4
7 3
5 4
9 7
3 3
6 3
3 5
7 6
12 2
8 7
3 6
5 6
5 2
4 4
4 6
7 1
7 7
8 3
6 6
4 5
8 9
3 3
6 5
8 8
5 4
8 3
5 3
8 1
5 6
9 4
4 5
6 4
6 7
3 2
10 4
8 5
8 7
7 1
10 9
5 5
7 4
4 5
6 8
10 7
6 3
8 4
4 9
6 4
7 4
6 8
12 6
6 6
10 3
3 5
8 2
7 8
4 2
2 2
5 3
8 5
6 5
6 7
6 2
4 5
9 7
7 7
5 6
3 4
3 4
4 7
3 3
6 4
6 8
5 10
6 3
8 5
6 4
6 4
7 4
11 6
8 5
3 5
6 6
5 7
5 4
7 4
11 4
7 3
6 1
6 2
5 2
8 2
11 4
7 11
10 3
6 4
6 5
6 5
7 2
6 5
7 4
2 5
8 1
6 7
9 7
6 4
9 8
10 5
7 8
4 3
5 11
7 7
3 3
11 3
4 4
6 4
10 4
7 3
10 4
10 1
5 4
7 3
12 4
11 9
4 3
10 3
8 7
10 10
4 4
9 4
7 5
5 4
6 2
4 3
5 7
6 2
9 6
10 6
6 2
6 4
16 8
10 5
9 4
7 7
6 6
10 6
5 5
8 6
4 6
10 4
13 6
9 3
6 2
6 6
6 2
8 3
9 11
5 2
7 4
4 5
6 4
8 6
10 3
4 2
4 4
11 5
6 2
7 4
8 4
3 2
12 2
5 2
11 6
3 4
8 3
6 5
9 2
8 5
11 5
3 3
6 7
4 4
7 2
9 3
8 6
1 4
7 4
10 4
4 3
9 4
5 2
8 4
13 7
3 7
6 5
8 4
6 3
6 4
8 6
5 6
8 5
10 2
9 4
3 6
6 2
6 2
5 3
6 4
9 4
8 3
7 7
6 4
7 3
10 2
5 5
6 4
8 2
10 3
5 6
6 5
7 8
3 3
5 5
7 7
6 4
6 4
9 6
9 8
6 8
7 6
9 5
4 4
5 4
3 4
7 5
7 9
10 9
6 8
15 3
7 5
5 5
5 2
7 6
11 6
8 5
6 5
6 4
7 2
9 4
12 5
9 4
7 3
1 3
9 5
5 5
5 8
9 3
6 5
11 7
5 4
9 1
8 6
5 3
5 2
7 4
5 6
9 2
12 3
6 6
8 3
7 6
6 5
6 4
7 5
5 1
10 8
10 3
5 4
8 4
9 6
11 7
11 3
6 4
8 3
11 4
8 5
12 4
10 2
7 4
6 1
13 8
3 3
7 4
12 3
7 6
5 6
8 3
8 5
6 2
8 1
6 4
6 3
15 5
3 5
11 4
5 6
7 2
8 5
6 2
7 7
8 5
4 4
12 3
7 7
12 4
11 1
9 3
5 2
7 6
9 10
7 2
8 5
6 5
14 2
8 4
8 6
8 5
4 5
8 5
9 5
6 2
5 6
8 4
8 4
10 2
12 2
9 4
7 4
3 5
7 4
5 3
8 7
4 6
4 2
4 2
10 2
8 4
11 4
5 3
4 4
11 5
8 3
9 6
14 8
9 5
13 3
6 4
13 6
8 5
10 4
13 2
16 3
10 4
6 5
7 5
8 8
5 5
9 2
9 5
4 5
6 5
8 2
7 8
10 4
19 8
9 7
8 3
10 3
7 4
9 4
6 1
7 4
10 5
9 2
7 4
6 5
7 3
6 3
9 5
10 3
6 5
18 5
7 2
12 3
9 3
9 2
6 2
10 5
10 2
8 3
9 3
12 5
6 7
5 2
8 4
12 8
4 2
6 2
10 3
6 5
9 2
8 5
11 3
7 4
9 2
5 2
10 2
10 2
8 4
6 4
4 2
10 4
10 5
8 5
12 4
5 3
15 2
7 5
7 5
12 4
3 3
11 5
9 4
10 8
7 3
10 3
6 4
6 3
9 5
8 3
10 5
10 3
5 3
8 2
8 3
18 3
8 2
8 4
10 6
10 5
11 4
11 7
9 6
6 2
7 2
7 3
8 7
10 2
13 6
7 1
11 4
8 4
5 4
9 4
17 3
12 6
12 4
12 1
10 5
12 3
9 5
13 6
11 5
10 5
12 6
6 3
7 3
8 4
9 6
11 4
6 2
10 5
3 4
9 4
8 3
8 3
8 5
9 2
7 3
6 4
10 7
7 4
8 3
6 4
15 2
9 2
7 3
8 5
12 5
7 2
13 8
11 2
7 4
9 3
10 3
8 1
9 2
12 4
10 5
7 3
10 2
12 4
10 3
10 5
12 5
6 3
4 4
5 2
10 5
16 4
7 6
9 1
7 2
8 2
11 4
10 5
9 4
11 4
7 5
10 1
14 1
8 3
12 5
10 1
9 6
7 4
12 6
8 5
8 2
9 4
13 5
11 5
4 3
9 2
9 2
11 6
10 4
10 4
7 1
8 3
9 1
10 4
10 2
9 3
12 3
9 2
10 4
15 6
8 3
12 4
11 4
12 3
14 5
12 3
12 3
9 4
11 4
6 5
12 2
9 2
9 5
7 5
8 2
4 4
14 5
3 2
8 4
13 4
11 4
7 2
10 4
12 4
7 5
10 3
10 4
7 4
10 5
6 4
4 3
17 4
10 6
10 1
4 2
8 4
12 3
11 4
7 4
9 2
12 5
21 7
12 5
11 3
11 3
13 6
11 3
8 4
13 2
14 1
7 3
6 2
8 4
8 4
10 3
10 2
5 4
6 1
10 2
12 3
16 7
11 3
6 3
8 3
10 1
8 5
14 5
10 2
7 3
4 2
14 4
10 1
6 2
7 4
8 2
10 3
12 7
4 3
11 2
10 5
9 3
9 2
10 3
10 1
8 3
12 3
15 4
15 5
8 5
15 6
11 6
4 4
14 2
8 3
11 2
15 3
9 4
12 5
15 4
9 6
6 3
8 1
10 6
10 3
9 2
12 4
8 2
10 2
6 5
8 2
16 5
10 2
9 1
15 1
8 5
4 5
6 3
5 2
3 1
11 4
11 2
9 4
6 3
7 2
13 2
5 7
13 4
5 2
11 3
10 3
8 2
11 4
11 3
4 4
7 4
8 1
18 4
7 1
18 4
15 3
6 3
6 4
10 3
9 3
8 3
13 6
13 2
15 4
10 5
13 3
12 5
11 3
10 4
7 1
4 2
19 5
5 2
11 2
10 4
12 1
15 3
5 1
15 6
9 3
6 3
3 3
10 1
6 1
13 3
11 3
14 3
8 2
8 2
17 3
13 5
10 3
8 5
8 2
15 2
16 5
10 4
16 3
12 2
9 3
15 2
19 5
15 4
8 5
5 1
13 1
11 3
6 3
9 7
14 2
10 2
14 2
10 2
6 5
13 6
14 2
11 2
17 5
8 3
10 2
10 5
10 4
12 1
18 2
14 3
12 4
11 3
7 2
11 4
13 4
12 4
12 1
12 1
5 5
7 1
19 4
10 4
12 1
14 6
10 2
12 3
11 4
11 3
16 3
11 3
14 5
8 4
10 5
7 3
10 3
12 3
7 1
8 6
7 4
9 5
12 2
8 5
12 4
11 3
17 3
8 4
12 4
13 3
9 5
16 5
6 6
12 2
18 5
18 3
7 2
7 3
11 4
12 3
10 3
5 3
9 3
11 1
10 6
8 4
10 4
8 3
12 3
8 4
12 2
9 2
6 2
12 3
13 3
8 2
10 3
10 5
10 5
14 2
15 6
9 2
11 3
13 1
10 3
8 4
8 3
12 2
10 3
11 3
9 7
7 1
12 3
20 1
9 3
15 2
20 7
17 3
12 2
14 5
13 2
11 5
22 3
10 1
8 1
11 5
15 6
5 2
14 1
10 2
13 2
10 6
19 4
13 4
9 1
15 2
9 5
5 1
17 4
15 2
11 6
8 2
14 8
10 2
20 3
20 3
5 3
12 5
14 5
12 1
20 2
7 2
9 3
10 3
8 3
18 2
7 4
8 4
13 1
18 3
11 2
7 2
11 2
6 2
17 2
15 4
15 3
11 3
13 5
11 2
8 2
11 3
16 5
7 1
13 1
5 1
19 5
15 3
9 1
13 1
12 3
11 4
12 3
11 1
10 1
15 3
11 1
20 6
12 3
15 2
13 4
11 2
14 2
14 5
12 1
20 3
15 2
10 2
15 3
10 3
12 2
8 2
17 3
11 3
16 3
11 5
9 1
21 3
13 6
16 5
8 2
10 2
14 2
12 3
13 2
10 3
9 5
18 2
24 3
15 4
13 4
12 3
18 1
12 3
14 2
8 1
20 6
16 2
14 4
12 3
12 3
6 3
15 2
16 3
13 5
14 3
11 5
11 1
15 1
16 4
20 2
15 5
9 3
9 1
17 3
10 4
3 1
11 4
9 1
14 2
21 6
14 3
10 1
12 6
13 3
12 2
23 5
9 3
15 4
9 2
18 3
17 2
7 3
7 1
6 2
14 5
5 1
16 5
12 3
12 6
11 2
16 2
14 4
13 4
9 5
9 4
19 3
8 3
10 3
21 4
9 3
15 2
9 1
17 1
16 2
11 1
15 5
9 1
8 3
15 2
10 2
15 1
22 4
16 3
13 1
6 2
12 1
15 4
12 2
9 1
10 2
9 3
7 1
19 4
14 4
12 3
14 2
16 2
5 2
8 4
10 2
12 6
13 4
9 2
11 3
8 1
12 2
9 1
12 2
19 2
11 3
17 1
12 4
8 1
13 6
7 3
19 3
6 2
6 4
11 1
23 3
13 3
10 1
11 2
21 3
15 3
13 4
17 1
7 3
13 2
14 2
7 3
15 5
9 1
10 5
17 3
8 1
10 4
18 3
17 5
9 2
16 3
11 1
10 1
10 1
9 3
14 5
11 4
16 2
19 2
12 3
18 3
15 3
8 4
5 4
14 1
15 4
25 4
17 2
9 3
12 5
12 2
15 4
15 6
8 1
15 1
21 4
15 3
15 5
18 5
18 3
12 2
15 3
12 2
13 2
8 2
8 2
26 7
15 6
12 1
13 2
17 3
9 3
11 4
12 5
10 1
12 2
11 3
11 2
14 1
11 1
15 2
14 4
9 4
13 3
14 2
11 2
15 3
16 2
12 3
16 4
12 2
20 3
6 1
8 1
26 2
14 2
12 3
20 1
13 2
25 3
13 2
12 2
17 1
13 5
12 5
21 2
11 2
10 2
14 3
14 2
19 3
15 3
15 2
14 6
10 5
16 1
11 5
14 3
10 1
13 2
12 3
16 3
13 2
13 2
15 2
23 4
10 3
15 1
8 3
14 2
17 1
17 3
14 2
19 7
19 3
21 6
9 2
13 4
17 4
21 2
17 3
5 4
17 2
18 2
11 2
13 1
11 4
15 4
19 4
9 4
18 1
11 1
9 1
13 4
17 3
20 4
18 4
10 1
12 2
15 2
12 3
20 2
13 2
13 5
18 2
17 3
13 3
15 1
19 2
14 2
15 3
10 1
16 2
16 2
13 2
15 2
15 3
7 2
18 2
18 4
18 2
9 3
17 3
11 3
14 4
9 3
9 1
17 2
19 3
12 2
10 1
13 1
13 4
12 2
16 5
12 2
16 2
15 2
17 2
11 3
17 2
13 3
18 4
7 1
19 3
19 2
13 3
10 1
13 4
6 4
19 3
14 2
9 2
24 2
14 5
18 4
11 2
8 1
14 4
10 5
17 3
12 4
16 3
23 6
10 3
19 2
15 6
15 2
17 3
7 2
11 3
11 2
13 1
5 2
8 2
16 5
19 2
14 2
20 2
15 3
18 4
20 3
22 3
7 3
5 1
29 2
15 1
14 2
15 2
14 2
19 2
17 2
13 1
17 6
10 2
24 5
17 1
14 3
23 1
25 3
21 3
20 8
19 2
14 2
15 2
15 1
19 3
10 1
18 2
12 1
17 4
25 4
15 3
17 4
14 2
6 2
11 2
14 4
14 2
20 1
10 1
13 4
20 2
12 4
15 3
15 3
11 3
15 3
20 2
12 3
18 4
8 1
23 2
11 3
23 4
23 6
11 1
13 2
17 2
16 3
21 4
13 2
19 2
20 1
17 3
19 2
18 4
16 3
17 3
10 2
17 3
17 1
22 4
15 3
14 2
18 2
14 2
15 2
9 3
10 1
15 2
13 2
17 3
21 2
15 4
14 1
19 3
20 6
19 6
16 2
18 4
9 1
11 1
16 4
14 2
14 3
11 4
20 1
12 1
19 3
19 3
15 1
15 2
12 2
17 3
17 3
14 2
16 1
19 4
16 2
17 4
10 3
16 2
19 1
19 3
19 2
14 3
15 2
18 3
24 2
21 2
12 3
21 2
13 1
15 3
21 4
19 1
16 2
12 5
20 4
27 1
18 1
13 3
25 2
30 3
10 2
21 4
22 2
18 2
14 3
13 2
17 3
11 2
14 3
12 1
26 2
19 2
19 4
17 3
17 3
24 2
10 2
12 1
15 4
13 2
26 2
9 2
28 1
15 4
7 1
18 6
22 4
18 2
23 5
14 1
21 2
14 2
21 3
12 3
25 3
23 1
14 2
17 2
11 2
18 2
27 4
12 1
26 2
24 1
15 2
23 3
12 1
25 3
23 1
20 1
16 1
32 3
13 1
9 2
12 2
23 5
11 2
14 2
18 2
11 1
18 1
19 3
23 1
23 5
19 4
10 2
17 2
14 1
20 1
19 3
16 3
23 2
17 2
16 3
18 1
27 2
21 2
16 2
29 2
20 2
25 2
26 3
16 3
14 4
17 3
15 3
11 1
15 1
20 1
19 4
17 2
19 2
17 2
20 1
17 5
27 2
21 3
25 1
19 1
24 3
13 1
21 2
25 1
30 4
14 4
21 2
15 2
19 3
17 2
20 1
18 2
15 2
18 4
19 4
18 2
19 4
20 2
12 2
21 2
19 3
15 2
15 2
20 2
18 1
21 2
15 2
18 4
16 1
18 1
15 2
24 4
26 3
10 1
12 2
20 4
25 2
19 3
23 2
18 1
16 1
10 1
20 5
21 1
23 3
22 2
21 2
23 3
20 1
16 1
13 1
18 2
23 4
17 2
16 3
20 4
12 1
16 4
14 4
17 1
17 4
17 1
13 1
18 1
22 1
14 2
16 1
14 3
21 2
20 4
32 2
9 2
20 3
27 4
18 1
22 1
18 1
24 4
23 2
20 3
20 2
30 4
20 4
23 2
14 2
19 3
23 2
15 1
21 2
24 1
20 3
25 2
23 2
17 1
22 1
24 2
17 2
22 2
18 2
19 3
21 2
16 4
18 3
31 3
20 2
26 2
10 1
18 1
19 1
15 3
12 3
16 2
20 2
18 2
19 1
25 1
30 3
19 3
17 1
16 2
14 2
26 1
16 2
20 2
20 3
23 4
13 2
25 5
14 1
22 3
20 1
36 3
14 1
12 1
16 3
24 3
10 2
21 1
17 3
24 1
19 2
11 2
23 3
20 2
21 2
15 2
17 2
13 2
18 4
19 1
16 2
25 1
23 2
20 1
25 3
22 1
24 2
25 2
23 3
21 2
13 1
20 1
22 1
21 3
10 1
17 2
18 2
12 2
10 2
22 2
12 1
30 2
19 2
19 2
16 2
24 3
20 2
17 1
14 2
20 2
14 2
20 1
16 1
23 4
15 4
19 4
27 2
12 2
36 1
23 2
20 1
21 3
17 1
24 1
15 4
25 4
18 1
22 1
25 2
19 3
28 2
23 2
19 1
24 3
18 1
25 3
23 2
14 1
22 1
23 1
21 2
31 4
12 1
18 2
19 3
18 1
25 1
16 2
14 1
24 2
14 2
26 2
30 4
25 1
22 2
14 1
18 3
21 5
25 2
24 1
33 2
24 3
21 1
17 1
28 4
25 3
18 2
17 1
19 1
17 2
23 3
22 2
15 2
26 2
31 3
17 1
31 2
16 1
22 2
25 2
20 1
26 3
32 2
21 2
35 3
19 1
14 1
20 2
20 2
21 2
22 2
14 1
17 1
24 1
21 1
24 1
25 1
17 1
24 5
20 2
23 1
23 1
32 3
20 2
15 2
26 1
18 1
18 2
29 2
25 4
23 4
24 3
33 2
22 2
23 1
30 2
23 2
13 2
14 1
29 2
17 2
36 4
27 2
17 3
14 4
18 1
33 2
14 1
19 1
20 3
19 1
28 2
24 1
30 2
26 2
25 3
21 3
22 1
25 3
20 1
22 1
28 1
30 1
24 1
23 2
26 1
19 1
19 2
27 2
23 4
25 2
16 1
28 2
19 1
20 1
22 2
20 1
28 1
31 2
18 4
18 1
18 1
29 4
22 3
20 1
21 2
36 1
39 3
26 3
22 1
20 2
31 5
13 1
31 1
22 2
28 1
19 1
22 1
23 3
21 2
24 2
23 2
12 1
19 2
18 1
23 2
27 4
18 1
18 2
22 1
17 1
19 1
18 1
25 1
24 2
29 1
20 2
24 1
17 2
28 1
24 2
27 2
27 3
26 1
32 3
28 2
24 2
29 1
23 1
26 5
20 3
23 1
17 2
18 2
15 1
16 1
30 1
27 3
25 1
29 4
21 1
32 2
21 2
28 3
20 2
22 2
27 2
22 2
26 1
24 1
21 2
26 1
25 3
19 1
27 1
19 2
21 2
17 1
19 2
28 1
18 5
27 2
22 2
32 2
19 2
26 2
17 2
27 2
32 3
30 1
28 4
18 1
20 3
24 2
15 3
24 1
28 1
23 2
26 2
31 1
26 1
33 3
24 3
29 2
21 1
23 1
33 1
23 1
22 2
28 2
25 2
33 3
23 1
18 2
20 3
14 1
31 3
31 2
17 1
22 3
23 1
28 1
16 2
14 1
24 1
17 3
26 2
16 1
19 2
27 3
16 1
31 5
27 2
27 2
17 1
18 3
25 3
37 1
29 3
29 4
19 2
27 3
23 1
21 1
25 3
18 2
32 2
22 1
22 2
28 2
23 2
21 1
19 1
39 1
29 1
26 2
27 3
27 4
20 2
33 2
19 1
19 4
23 1
22 1
29 2
37 4
19 2
34 3
28 2
30 3
23 2
37 2
28 4
33 4
15 1
25 1
24 3
26 1
34 1
26 2
20 1
31 1
34 3
39 2
17 1
25 5
27 1
50 1
20 4
38 1
32 1
26 1
24 2
23 1
27 2
20 1
23 1
18 1
38 2
21 3
21 1
32 2
26 3
32 2
35 4
31 2
27 2
39 1
26 1
19 1
23 1
32 2
34 1
31 1
29 1
30 2
33 2
25 2
41 2
25 2
30 3
31 1
26 1
23 2
31 1
29 1
27 2
20 1
20 1
18 1
32 2
33 1
22 1
17 1
38 2
41 2
37 5
32 2
27 1
25 1
40 1
25 1
31 1
31 2
44 2
35 4
36 2
22 1
34 2
21 1
19 1
34 1
27 2
28 2
33 3
32 1
33 1
26 3
25 2
17 3
29 2
28 1
36 1
38 1
17 2
33 2
13 1
26 1
28 2
24 4
28 3
31 3
23 2
33 2
24 1
35 1
43 2
21 2
37 3
42 3
18 2
24 1
41 2
30 3
27 1
29 1
41 2
30 2
26 1
29 2
31 1
37 1
26 1
29 3
31 3
26 2
29 2
33 1
28 2
34 2
39 3
25 1
42 2
28 1
47 4
31 2
42 3
20 2
27 2
26 3
33 1
20 1
39 2
37 2
27 2
27 2
31 2
24 1
23 4
26 1
36 2
52 2
44 3
30 3
52 1
30 1
38 2
34 3
36 1
36 2
38 1
36 4
46 4
27 2
30 1
34 2
33 2
47 1
26 3
38 3
43 2
34 3
39 1
49 3
37 1
22 2
22 1
25 1
22 1
25 2
56 3
22 2
36 1
47 3
32 2
32 1
38 2
43 2
34 1
29 1
35 1
39 4
41 1
41 2
27 2
39 1
34 2
33 1
30 3
42 1
42 3
33 1
52 2
40 4
33 1
63 1
37 1
47 2
42 2
32 3
56 3
42 3
34 1
45 2
27 2
44 2
31 2
53 3
44 2
48 2
54 3
50 1
54 1
49 1
45 1
54 2
41 3
42 2
48 2
53 1
54 4
39 1
35 1
73 1
46 1
58 2
44 1
47 1
67 2
